$ANSIBLE_VAULT;1.1;AES256
64616235636139306163663335323339363434656163316661363434663833313566336666613334
3830373036653637636435663438306163386137653266390a353638646337353732353437353231
37646565666632656632333066313436383866376431383139303063306438306330653936356536
6164333032356530380a613837623235383438386231653237353437323865663064343164356438
38636365666363613161616433633331383131363932363961643939376337656262646464623935
33383239656163306438666364373534356463643435393166636133333737346362313862366334
36656633303666336539373432386262383131396235663430366165363630356162363962313733
34316132333866633535383537383966353361363864623665653263326466333037353138363538
65633238663466653534666230396534333737326464316262333839363838663161653862306433
65373936346635383064633165383736636562336232346138646139303732366665353530633137
33306535363733336435306563353662306162613265323661326434646165326236626635393166
34643062643861653632393166306130636563353763353833353462623866336531303532396139
34396131626364333066393739626465623035386163373931613164326131376634343565373634
3732333835363365366436373930393438353466653835326561
